0.538
0.491
0.486
0.486
0.394
0.495
0.461
0.492
0.490
0.392
0.370
0.386
0.363
0.362
0.379
0.371
0.392
0.494
0.360
0.375
0.391
0.492
0.372
0.374
0.368
0.382
0.384
0.367
0.370
0.488
0.461
0.489
0.408
0.492
0.350
0.342
0.369
0.334
0.382
0.373
0.454
0.490
0.456
0.487
0.459
0.492
0.492
0.487
0.453
0.490
0.459
0.487
0.453
0.489
0.485
0.474
0.453
0.487
0.487
0.484
0.358
0.487
0.485
0.486
0.452
0.488
0.486
0.490
0.466
0.474
0.487
0.499
0.453
0.489
0.483
0.487
0.458
0.458
0.485
0.484
0.491
0.485
0.491
0.490
0.488
0.489
0.487
0.495
0.494
0.487
0.399
0.485
0.492
0.486
0.487
0.491
0.491
0.490
0.487
0.488
0.492
0.491
0.487
0.497
0.489
0.493
0.487
0.489
0.490
0.488
0.488
0.468
0.494
0.487
0.414
0.492
0.493
0.488
0.487
0.493
0.493
0.486
0.485
0.487
0.481
0.489
0.382
0.474
0.474
0.491
0.490
0.488
0.457
0.494
0.486
0.497
0.441
0.491
0.487
0.492
0.426
0.491
0.357
0.493
0.415
0.492
0.355
0.492
0.407
0.494
0.488
0.496
0.490
0.491
0.487
0.487
0.490
0.488
0.486
0.487
0.490
0.490
0.487
0.488
0.491
0.487
0.489
0.493
0.491
0.488
0.487
0.486
0.491
0.487
0.487
0.490
0.391
0.501
0.462
0.490
0.389
0.491
0.484
0.490
0.403
0.490
0.484
0.484
0.367
0.491
0.489
0.491
0.396
0.493
0.487
0.488
0.393
0.496
0.485
0.492
0.397
0.491
0.486
0.488
0.493
0.385
0.494
0.486
0.388
0.493
0.452
0.474
0.471
0.488
0.486
0.492
0.404
0.454
0.490
0.487
0.456
0.489
0.486
0.490
0.462
0.463
0.488
0.486
0.456
0.489
0.488
0.494
0.450
0.493
0.486
0.487
0.392
0.490
0.488
0.489
0.491
0.490
0.460
0.490
0.490
0.487
0.486
0.491
0.490
0.488
0.431
0.480
0.455
0.490
0.486
0.488
0.493
0.489
0.487
0.488
0.490
0.486
0.487
0.492
0.457
0.492
0.464
0.489
0.460
0.489
0.487
0.490
0.458
0.488
0.463
0.489
0.463
0.489
0.488
0.491
0.460
0.489
0.486
0.487
0.468
0.484
0.487
0.487
0.463
0.382
0.456
0.488
0.461
0.489
0.486
0.493
0.465
0.491
0.487
0.488
0.461
0.489
0.486
0.490
0.467
0.485
0.471
0.388
0.465
0.490
0.487
0.490
0.465
0.487
0.485
0.486
0.462
0.486
0.468
0.488
0.387
0.491
0.486
0.486
0.490
0.479
0.488
0.490
0.464
0.453
0.486
0.485
0.469
0.490
0.487
0.488
0.467
0.487
0.335
0.369
0.474
0.460
0.488
0.492
0.476
0.489
0.372
0.371
0.371
0.372
0.327
0.487
0.477
0.488
0.473
0.490
0.471
0.488
0.489
0.492
0.474
0.489
0.486
0.486
0.474
0.487
0.486
0.486
0.473
0.393
0.479
0.487
0.474
0.488
0.489
0.394
0.479
0.488
0.486
0.488
0.477
0.490
0.486
0.488
0.481
0.488
0.491
0.488
0.483
0.492
0.487
0.493
0.482
0.491
0.486
0.486
0.497
0.486
0.487
0.486
0.492
0.502
0.486
0.488
0.489
0.385
0.490
0.491
0.481
0.486
0.484
0.485
0.485
0.488
0.486
0.382
0.482
0.485
0.486
0.486
0.481
0.490
0.486
0.495
0.485
0.490
0.489
0.487
0.484
0.475
0.488
0.491
0.370
0.387
0.370
0.372
0.486
0.360
0.493
0.526
0.486
0.489
0.486
0.535
0.485
0.489
0.487
0.514
0.486
0.487
0.487
0.523
0.487
0.487
0.485
0.496
0.488
0.487
0.487
0.493
0.489
0.449
0.487
0.495
0.489
0.500
0.489
0.492
0.490
0.486
0.491
0.505
0.491
0.486
0.488
0.497
0.489
0.487
0.482
0.395
0.482
0.482
0.487
0.515
0.487
0.488
0.491
0.497
0.488
0.488
0.487
0.496
0.487
0.478
0.486
0.494
0.487
0.415
0.489
0.398
0.489
0.486
0.487
0.490
0.469
0.486
0.485
0.491
0.484
0.486
0.486
0.460
0.489
0.490
0.484
0.446
0.489
0.398
0.447
0.385
0.472
0.486
0.483
0.433
0.370
0.488
0.489
0.410
0.491
0.345
0.494
0.405
0.483
0.489
0.488
0.396
0.490
0.485
0.484
0.389
0.492
0.485
0.487
0.396
0.489
0.488
0.487
0.489
0.490
0.487
0.493
0.495
0.491
0.488
0.488
0.491
0.490
0.488
0.492
0.490
0.491
0.471
0.489
0.481
0.492
0.489
0.466
0.398
0.355
0.495
0.488
0.367
0.496
0.488
0.491
0.478
0.486
0.485
0.485
0.396
0.492
0.485
0.494
0.378
0.393
0.367
0.331
0.312
0.323
0.362
0.332
0.345
0.382
0.335
0.363
0.393
0.490
0.487
0.484
0.494
0.485
0.485
0.490
0.408
0.388
0.488
0.368
0.402
0.332
0.355
0.369
0.452
0.488
0.485
0.492
0.454
0.495
0.485
0.487
0.455
0.459
0.490
0.489
0.456
0.460
0.462
0.491
0.452
0.491
0.488
0.490
0.463
0.488
0.488
0.490
0.455
0.489
0.488
0.490
0.457
0.492
0.487
0.457
0.456
0.492
0.486
0.487
0.465
0.490
0.488
0.486
0.458
0.489
0.493
0.493
0.462
0.491
0.467
0.488
0.462
0.492
0.487
0.494
0.468
0.499
0.551
0.488
0.408
0.458
0.490
0.374
0.371
0.370
0.373
0.493
0.488
0.488
0.487
0.487
0.494
0.486
0.487
0.487
0.487
0.489
0.490
0.489
0.459
0.495
0.503
0.371
0.369
0.368
0.371
0.490
0.495
0.488
0.491
0.487
0.489
0.489
0.493
0.490
0.492
0.486
0.492
0.487
0.487
0.487
0.492
0.490
0.492
0.491
0.492
0.489
0.487
0.487
0.491
0.487
0.444
0.492
0.491
0.487
0.488
0.487
0.493
0.489
0.494
0.488
0.492
0.487
0.487
0.468
0.493
0.487
0.486
0.490
0.486
0.491
0.488
0.491
0.479
0.491
0.492
0.472
0.465
0.467
0.489
0.492
0.447
0.489
0.355
0.492
0.432
0.488
0.484
0.488
0.424
0.455
0.492
0.490
0.412
0.491
0.485
0.487
0.407
0.490
0.485
0.485
0.401
0.490
0.485
0.488
0.391
0.490
0.491
0.486
0.390
0.490
0.486
0.485
0.391
0.492
0.388
0.489
0.389
0.491
0.486
0.494
0.484
0.486
0.496
0.486
0.437
0.370
0.370
0.368
0.397
0.490
0.486
0.486
0.399
0.493
0.492
0.489
0.388
0.491
0.493
0.488
0.396
0.490
0.485
0.486
0.400
0.493
0.457
0.492
0.487
0.487
0.487
0.488
0.492
0.487
0.493
0.488
0.490
0.488
0.487
0.487
0.405
0.493
0.488
0.393
0.450
0.473
0.488
0.482
0.463
0.489
0.489
0.488
0.470
0.492
0.485
0.488
0.457
0.488
0.458
0.382
0.455
0.491
0.488
0.486
0.457
0.485
0.491
0.485
0.452
0.452
0.487
0.487
0.461
0.493
0.489
0.486
0.460
0.489
0.486
0.491
0.459
0.489
0.495
0.412
0.460
0.489
0.487
0.487
0.463
0.489
0.464
0.488
0.459
0.490
0.486
0.490
0.462
0.488
0.493
0.486
0.396
0.370
0.370
0.369
0.466
0.490
0.465
0.489
0.460
0.492
0.488
0.488
0.462
0.488
0.491
0.487
0.461
0.489
0.491
0.488
0.465
0.490
0.469
0.484
0.469
0.488
0.486
0.389
0.452
0.489
0.495
0.488
0.466
0.491
0.486
0.488
0.467
0.488
0.490
0.487
0.466
0.491
0.487
0.488
0.470
0.488
0.491
0.487
0.469
0.491
0.372
0.493
0.491
0.487
0.474
0.494
0.451
0.490
0.488
0.488
0.489
0.487
0.489
0.485
0.491
0.486
0.485
0.487
0.490
0.485
0.490
0.485
0.490
0.488
0.485
0.485
0.471
0.485
0.496
0.488
0.473
0.484
0.461
0.489
0.467
0.370
0.371
0.491
0.477
0.485
0.486
0.368
0.479
0.368
0.373
0.367
0.479
0.370
0.368
0.370
0.372
0.371
0.370
0.370
0.481
0.490
0.487
0.486
0.482
0.488
0.490
