0.545
0.431
0.491
0.486
0.489
0.505
0.489
0.456
0.557
0.493
0.493
0.566
0.489
0.486
0.493
0.481
0.480
0.495
0.489
0.491
0.485
0.482
0.488
0.559
0.490
0.485
0.485
0.394
0.560
0.483
0.492
0.497
0.486
0.488
0.563
0.560
0.489
0.363
0.489
0.484
0.490
0.496
0.488
0.489
0.562
0.487
0.491
0.454
0.488
0.483
0.492
0.491
0.559
0.487
0.561
0.489
0.484
0.489
0.561
0.496
0.560
0.559
0.492
0.571
0.488
0.519
0.499
0.408
0.487
0.488
0.565
0.493
0.487
0.491
0.401
0.481
0.392
0.488
0.475
0.470
0.490
0.562
0.493
0.564
0.557
0.482
0.484
0.407
0.487
0.491
0.559
0.489
0.487
0.485
0.487
0.560
0.571
0.486
0.487
0.488
0.487
0.483
0.559
0.486
0.491
0.559
0.489
0.496
0.497
0.489
0.488
0.485
0.493
0.562
0.487
0.485
0.485
0.484
0.495
0.495
0.562
0.486
0.489
0.490
0.560
0.563
0.559
0.485
0.558
0.557
0.558
0.559
0.405
0.558
0.490
0.563
0.558
0.560
0.479
0.465
0.485
0.484
0.482
0.477
0.485
0.489
0.490
0.384
0.487
0.485
0.470
0.479
0.485
0.489
0.488
0.483
0.484
0.487
0.558
0.558
0.487
0.475
0.487
0.485
0.497
0.487
0.480
0.558
0.487
0.492
0.560
0.559
0.558
0.491
0.556
0.484
0.493
0.542
0.484
0.558
0.486
0.499
0.563
0.512
0.486
0.389
0.394
0.495
0.485
0.487
0.487
0.558
0.485
0.483
0.562
0.453
0.358
0.560
0.485
0.489
0.562
0.563
0.492
0.560
0.384
0.486
0.488
0.563
0.488
0.489
0.487
0.485
0.561
0.488
0.559
0.559
0.486
0.491
0.485
0.460
0.484
0.486
0.391
0.484
0.488
0.482
0.497
0.485
0.484
0.563
0.488
0.479
0.486
0.491
0.561
0.488
0.558
0.484
0.488
0.486
0.487
0.485
0.488
0.486
0.503
0.488
0.491
0.493
0.567
0.566
0.564
0.489
0.563
0.488
0.491
0.487
0.563
0.496
0.562
0.398
0.451
0.494
0.487
0.562
0.562
0.498
0.562
0.490
0.562
0.561
0.491
0.484
0.474
0.485
0.485
0.489
0.458
0.391
0.495
0.561
0.493
0.472
0.492
0.484
0.487
0.492
0.485
0.559
0.386
0.491
0.486
0.562
0.561
0.476
0.560
0.485
0.486
0.490
0.488
0.486
0.485
0.490
0.560
0.559
0.491
0.403
0.484
0.558
0.487
0.481
0.507
0.490
0.472
0.490
0.559
0.486
0.556
0.355
0.460
0.486
0.492
0.493
0.563
0.557
0.488
0.485
0.559
0.486
0.494
0.494
0.493
0.492
0.561
0.561
0.493
0.486
0.486
0.486
0.561
0.485
0.559
0.560
0.484
0.563
0.559
0.485
0.466
0.483
0.560
0.481
0.461
0.483
0.481
0.486
0.560
0.561
0.485
0.482
0.485
0.488
0.507
0.567
0.485
0.479
0.483
0.485
0.477
0.487
0.483
0.488
0.487
0.441
0.488
0.491
0.483
0.489
0.485
0.494
0.486
0.484
0.489
0.491
0.566
0.488
0.560
0.560
0.483
0.611
0.486
0.557
0.338
0.490
0.474
0.549
0.538
0.480
0.482
0.487
0.484
0.559
0.557
0.485
0.484
0.481
0.401
0.561
0.557
0.492
0.457
0.494
0.483
0.483
0.493
0.485
0.483
0.483
0.482
0.493
0.482
0.558
0.486
0.559
0.558
0.558
0.557
0.566
0.471
0.484
0.485
0.483
0.560
0.485
0.484
0.481
0.563
0.559
0.561
0.558
0.479
0.472
0.491
0.480
0.559
0.470
0.486
0.459
0.557
0.488
0.485
0.482
0.485
0.484
0.482
0.483
0.561
0.566
0.513
0.557
0.486
0.484
0.485
0.558
0.478
0.482
0.556
0.395
0.561
0.483
0.482
0.356
0.488
0.472
0.537
0.499
0.494
0.359
0.563
0.484
0.562
0.418
0.489
0.489
0.385
0.364
0.489
0.451
0.487
0.490
0.559
0.485
0.487
0.490
0.483
0.488
0.491
0.489
0.488
0.483
0.490
0.566
0.483
0.561
0.491
0.492
0.493
0.489
0.359
0.485
0.485
0.485
0.400
0.485
0.484
0.559
0.475
0.559
0.486
0.560
0.561
0.558
0.489
0.485
0.481
0.482
0.482
0.563
0.559
0.482
0.486
0.484
0.485
0.491
0.490
0.340
0.558
0.490
0.472
0.474
0.562
0.483
0.484
0.482
0.484
0.484
0.483
0.487
0.560
0.486
0.560
0.558
0.494
0.482
0.483
0.563
0.558
0.558
0.484
0.388
0.491
0.484
0.483
0.483
0.478
0.485
0.484
0.485
0.486
0.491
0.561
0.565
0.489
0.559
0.483
0.557
0.562
0.454
0.482
0.562
0.562
0.482
0.482
0.484
0.484
0.488
0.484
0.489
0.487
0.562
0.562
0.487
0.563
0.489
0.561
0.489
0.489
0.489
0.484
0.493
0.485
0.465
0.484
0.481
0.563
0.473
0.489
0.483
0.559
0.363
0.482
0.481
0.556
0.556
0.479
0.482
0.479
0.489
0.493
0.560
0.465
0.503
0.560
0.481
0.488
0.482
0.561
0.484
0.484
0.497
0.483
0.564
0.489
0.387
0.463
0.480
0.482
0.492
0.484
0.394
0.489
0.490
0.481
0.468
0.485
0.485
0.483
0.559
0.482
0.564
0.482
0.488
0.556
0.485
0.559
0.558
0.387
0.472
0.482
0.485
0.489
0.387
0.370
0.376
0.376
0.481
0.561
0.421
0.484
0.489
0.395
0.485
0.485
0.478
0.481
0.481
0.482
0.481
0.484
0.558
0.487
0.568
0.557
0.488
0.481
0.562
0.562
0.556
0.561
0.484
0.484
0.487
0.486
0.482
0.456
0.384
0.484
0.485
0.555
0.575
0.563
0.559
0.482
0.562
0.488
0.480
0.556
0.386
0.484
0.487
0.484
0.559
0.480
0.484
0.480
0.562
0.558
0.490
0.466
0.476
0.441
0.557
0.491
0.558
0.556
0.481
0.485
0.558
0.560
0.564
0.480
0.479
0.557
0.484
0.484
0.561
0.399
0.564
0.488
0.487
0.484
0.484
0.485
0.481
0.381
0.422
0.484
0.480
0.485
0.561
0.562
0.481
0.492
0.479
0.487
0.560
0.481
0.482
0.460
0.481
0.488
0.498
0.483
0.577
0.399
0.485
0.480
0.481
0.480
0.481
0.478
0.557
0.479
0.480
0.485
0.490
0.462
0.485
0.561
0.558
0.559
0.369
0.481
0.480
0.481
0.559
0.398
0.489
0.486
0.562
0.484
0.489
0.481
0.482
0.480
0.558
0.480
0.559
0.560
0.482
0.563
0.482
0.563
0.516
0.391
0.474
0.488
0.492
0.562
0.484
0.483
0.559
0.485
0.562
0.486
0.495
0.401
0.481
0.382
0.557
0.478
0.481
0.481
0.564
0.467
0.482
0.494
0.483
0.402
0.485
0.483
0.567
0.561
0.558
0.485
0.485
0.484
0.482
0.470
0.492
0.483
0.576
0.561
0.559
0.472
0.385
0.482
0.560
0.481
0.479
0.559
0.487
0.495
0.560
0.561
0.370
0.556
0.460
0.483
0.561
0.557
0.480
0.483
0.492
0.473
0.483
0.478
0.483
0.559
0.467
0.484
0.489
0.397
0.482
0.559
0.487
0.483
0.482
0.566
0.496
0.483
0.398
0.481
0.484
0.478
0.479
0.385
0.482
0.482
0.478
0.398
0.482
0.478
0.481
0.463
0.478
0.483
0.479
0.483
0.479
0.485
0.483
0.561
0.485
0.560
0.480
0.480
0.493
0.484
0.480
0.482
0.480
0.505
0.561
0.505
0.489
0.452
0.386
0.479
0.483
0.557
0.558
0.475
0.490
0.559
0.486
0.557
0.557
0.559
0.483
0.496
0.486
0.479
0.556
0.481
0.487
0.389
0.482
0.478
0.488
0.480
0.489
0.479
0.561
0.479
0.561
0.477
0.407
0.556
0.560
0.542
0.484
0.479
0.488
0.479
0.557
0.560
0.482
0.558
0.479
0.479
0.479
0.482
0.559
0.560
0.456
0.480
0.488
0.492
0.488
0.478
0.480
0.490
0.391
0.562
0.480
0.383
0.486
0.482
0.499
0.478
0.478
0.485
0.484
0.484
0.558
0.398
0.476
0.480
0.477
0.559
0.481
0.484
0.477
0.482
0.489
0.560
0.473
0.482
0.492
0.461
0.483
