0.462
0.388
0.365
0.364
0.368
0.363
0.302
0.300
0.363
0.373
0.361
0.362
0.362
0.361
0.365
0.373
0.373
0.372
0.373
0.370
0.372
0.372
0.371
0.368
0.366
0.363
0.324
0.319
0.323
0.323
0.366
0.348
0.382
0.368
0.380
0.378
0.364
0.374
0.371
0.374
0.389
0.457
0.462
0.463
0.347
0.463
0.461
0.372
0.376
0.461
0.460
0.460
0.459
0.458
0.385
0.389
0.374
0.366
0.458
0.459
0.458
0.383
0.457
0.459
0.461
0.458
0.455
0.463
0.460
0.459
0.465
0.462
0.461
0.457
0.470
0.460
0.458
0.461
0.465
0.307
0.310
0.324
0.299
0.316
0.364
0.365
0.379
0.382
0.369
0.368
0.367
0.362
0.369
0.356
0.453
0.459
0.461
0.460
0.458
0.368
0.369
0.371
0.375
0.465
0.460
0.463
0.370
0.370
0.372
0.369
0.370
0.394
0.460
0.461
0.460
0.384
0.370
0.374
0.459
0.465
0.468
0.470
0.463
0.462
0.463
0.463
0.460
0.461
0.406
0.460
0.464
0.461
0.462
0.464
0.463
0.465
0.365
0.375
0.316
0.461
0.461
0.458
0.460
0.460
0.459
0.469
0.460
0.463
0.459
0.462
0.462
0.466
0.462
0.464
0.460
0.460
0.462
0.461
0.463
0.454
0.462
0.397
0.464
0.466
0.463
0.468
0.461
0.469
0.461
0.392
0.462
0.463
0.459
0.463
0.459
0.459
0.461
0.420
0.462
0.459
0.462
0.469
0.463
0.466
0.460
0.464
0.461
0.461
0.460
0.460
0.464
0.462
0.382
0.372
0.454
0.461
0.461
0.463
0.459
0.465
0.461
0.458
0.472
0.459
0.459
0.458
0.457
0.458
0.459
0.457
0.449
0.470
0.464
0.459
0.457
0.465
0.457
0.366
0.383
0.474
0.459
0.458
0.458
0.386
0.454
0.461
0.464
0.461
0.460
0.460
0.460
0.464
0.462
0.466
0.468
0.463
0.462
0.459
0.462
0.460
0.460
0.462
0.463
0.459
0.458
0.460
0.473
0.464
0.458
0.461
0.457
0.333
0.325
0.324
0.327
0.326
0.326
0.324
0.324
0.324
0.324
0.337
0.462
0.466
0.459
0.458
0.462
0.458
0.459
0.458
0.453
0.458
0.381
0.461
0.459
0.460
0.458
0.462
0.393
0.470
0.464
0.462
0.461
0.459
0.461
0.460
0.400
0.458
0.457
0.458
0.461
0.461
0.460
0.465
0.468
0.465
0.460
0.465
0.455
0.460
0.459
0.462
0.465
0.461
0.461
0.461
0.460
0.463
0.462
0.464
0.468
0.466
0.463
0.462
0.465
0.459
0.465
0.458
0.487
0.329
0.325
0.328
0.327
0.324
0.324
0.325
0.324
0.327
0.455
0.393
0.459
0.459
0.453
0.458
0.459
0.458
0.458
0.453
0.460
0.460
0.457
0.463
0.460
0.464
0.457
0.463
0.461
0.458
0.459
0.458
0.458
0.459
0.370
0.368
0.482
0.464
0.458
0.396
0.461
0.466
0.460
0.460
0.392
0.461
0.461
0.463
0.460
0.458
0.461
0.462
0.439
0.461
0.438
0.464
0.461
0.464
0.460
0.458
0.466
0.460
0.460
0.460
0.469
0.462
0.457
0.458
0.486
0.302
0.303
0.325
0.325
0.329
0.325
0.324
0.325
0.324
0.332
0.341
0.457
0.458
0.458
0.458
0.461
0.458
0.458
0.458
0.448
0.467
0.457
0.458
0.460
0.457
0.461
0.463
0.447
0.459
0.459
0.460
0.460
0.459
0.460
0.460
0.393
0.468
0.458
0.460
0.461
0.458
0.457
0.458
0.424
0.460
0.458
0.460
0.458
0.461
0.461
0.461
0.464
0.464
0.458
0.462
0.461
0.463
0.361
0.461
0.462
0.455
0.465
0.461
0.462
0.452
0.460
0.461
0.460
0.464
0.464
0.460
0.461
0.461
0.459
0.461
0.461
0.451
0.464
0.461
0.461
0.460
0.462
0.460
0.461
0.492
0.464
0.459
0.459
0.459
0.460
0.461
0.461
0.453
0.464
0.462
0.461
0.462
0.465
0.467
0.463
0.470
0.460
0.460
0.465
0.465
0.460
0.460
0.461
0.399
0.462
0.462
0.461
0.461
0.460
0.461
0.465
0.376
0.459
0.458
0.458
0.460
0.461
0.459
0.458
0.469
0.460
0.462
0.459
0.466
0.466
0.465
0.460
0.472
0.462
0.460
0.460
0.464
0.461
0.464
0.464
0.470
0.459
0.465
0.462
0.461
0.459
0.461
0.466
0.399
0.461
0.462
0.459
0.459
0.462
0.459
0.457
0.461
0.460
0.458
0.459
0.457
0.460
0.460
0.463
0.465
0.454
0.461
0.465
0.464
0.461
0.464
0.460
0.459
0.453
0.458
0.460
0.462
0.460
0.462
0.461
0.469
0.451
0.463
0.458
0.460
0.460
0.460
0.460
0.457
0.396
0.465
0.457
0.458
0.428
0.462
0.458
0.463
0.462
0.458
0.461
0.460
0.458
0.462
0.458
0.456
0.463
0.459
0.459
0.458
0.459
0.458
0.458
0.463
0.466
0.461
0.464
0.458
0.458
0.457
0.458
0.458
0.459
0.461
0.461
0.463
0.458
0.457
0.448
0.467
0.463
0.453
0.460
0.458
0.457
0.460
0.469
0.365
0.367
0.369
0.363
0.363
0.398
0.459
0.458
0.462
0.459
0.458
0.401
0.461
0.461
0.458
0.458
0.458
0.459
0.461
0.466
0.398
0.461
0.460
0.473
0.465
0.460
0.461
0.487
0.327
0.325
0.324
0.325
0.322
0.326
0.297
0.299
0.326
0.297
0.301
0.369
0.388
0.365
0.368
0.326
0.325
0.325
0.297
0.299
0.328
0.297
0.370
0.380
0.369
0.368
0.370
0.368
0.371
0.370
0.370
0.368
0.457
0.461
0.457
0.458
0.464
0.457
0.458
0.368
0.369
0.459
0.461
0.462
0.468
0.459
0.458
0.458
0.443
0.460
0.460
0.458
0.461
0.460
0.458
0.459
0.464
0.460
0.461
0.463
0.467
0.459
0.462
0.459
0.466
0.461
0.462
0.460
0.478
0.460
0.461
0.459
0.469
0.460
0.462
0.468
0.466
0.462
0.461
0.460
0.473
0.461
0.462
0.460
0.460
0.461
0.467
0.463
0.481
0.371
0.369
0.369
0.370
0.371
0.374
0.330
0.327
0.325
0.327
0.454
0.461
0.462
0.466
0.463
0.464
0.462
0.460
0.460
0.468
0.461
0.460
0.460
0.461
0.460
0.460
0.454
0.461
0.460
0.460
0.459
0.459
0.458
0.459
0.472
0.464
0.461
0.460
0.460
0.463
0.464
0.399
0.461
0.461
0.462
0.461
0.407
0.464
0.461
0.384
0.371
0.457
0.464
0.461
0.462
0.464
0.465
0.466
0.463
0.460
0.461
0.461
0.460
0.461
0.462
0.460
0.461
0.460
0.460
0.458
0.458
0.402
0.462
0.460
0.461
0.487
0.461
0.460
0.461
0.459
0.459
0.460
0.460
0.405
0.460
0.458
0.460
0.460
0.461
0.462
0.463
0.392
0.461
0.460
0.459
0.460
0.464
0.461
0.458
0.469
0.458
0.460
0.462
0.461
0.460
0.396
0.461
0.457
0.337
0.365
0.361
0.441
0.520
0.515
0.574
0.506
0.376
0.378
0.372
0.379
0.342
0.348
0.344
0.342
0.628
0.533
0.343
0.348
0.331
0.335
0.337
0.317
0.343
0.326
0.447
0.677
0.567
0.330
0.343
0.342
0.335
0.344
0.350
0.349
0.340
0.430
0.504
0.711
0.336
0.341
0.333
0.334
0.336
0.330
0.346
0.325
0.644
0.525
0.503
0.348
0.350
0.351
0.325
0.341
0.345
0.344
0.320
0.432
0.744
0.325
0.314
0.320
0.340
0.328
0.340
0.334
0.674
0.563
0.416
0.380
0.417
0.320
0.412
0.435
0.440
0.445
0.413
0.442
0.435
0.438
0.471
0.474
0.472
0.475
0.476
0.474
0.472
0.472
0.475
0.473
0.474
0.473
0.472
0.471
0.475
0.485
0.475
0.474
0.472
0.476
0.476
0.478
0.475
0.479
0.472
0.474
0.471
0.475
0.475
0.478
0.474
0.477
0.475
0.475
0.476
0.475
0.490
0.475
0.468
0.470
0.472
0.472
0.476
0.472
0.474
0.469
0.486
0.463
0.340
0.463
0.462
0.465
0.462
0.463
0.463
0.462
0.472
0.455
0.455
0.423
0.455
0.454
0.458
0.384
0.455
0.455
0.455
0.347
0.451
0.452
