186.88
190.90
192.35
191.04
189.87
189.84
189.72
187.43
186.28
183.05
184.57
182.74
182.40
181.71
183.38
173.03
169.30
170.33
173.50
169.30
169.89
169.02
166.90
165.84
165.00
167.04
168.00
169.38
172.69
176.55
175.04
167.78
169.67
168.45
169.58
168.82
169.65
168.84
170.03
171.48
173.31
169.71
170.85
172.28
171.37
178.67
176.08
173.72
172.62
173.00
171.13
173.23
172.75
170.73
169.00
169.12
170.12
175.10
179.66
180.75
181.42
182.63
181.16
182.52
184.37
182.32
181.56
182.31
183.86
184.15
185.04
187.15
188.85
188.32
189.41
189.30
187.68
185.85
186.86
184.40
188.04
191.73
192.42
194.17
194.50
195.18
193.89
191.56
188.63
182.68
183.63
185.92
185.59
186.19
185.14
185.56
181.18
181.91
184.25
185.64
192.53
193.58
193.15
193.05
193.60
194.68
194.83
196.94
195.89
197.57
198.11
197.96
194.71
193.18
195.71
194.27
192.32
193.42
189.43
191.24
189.95
189.37
190.40
189.79
189.97
191.31
190.64
191.45
189.69
189.71
188.01
187.44
184.80
186.40
182.41
182.89
181.82
179.23
176.65
177.57
173.97
170.77
170.29
168.22
166.89
171.10
173.44
173.00
172.88
175.46
175.84
177.15
178.72
178.85
180.71
179.80
178.39
178.99
177.49
174.91
173.66
172.40
173.75
171.21
170.69
170.43
171.96
176.08
174.79
173.93
175.49
179.07
177.97
175.01
175.74
174.21
176.30
179.36
178.18
177.56
182.91
189.70
189.46
187.87
187.65
184.12
180.19
178.61
176.38
181.12
177.23
175.84
174.49
174.00
176.57
177.45
179.46
177.79
177.97
178.19
179.80
178.85
181.99
191.17
192.58
195.605
196.45
195.83
193.22
194.50
193.62
192.75
191.94
193.13
195.10
193.73
193.99
190.69
190.54
189.77
188.08
188.61
190.68
191.81
191.33
192.46
193.97
189.59
189.25
188.06
185.27
186.68
187.00
183.96
185.01
184.92
186.01
183.95
183.31
183.79
180.96
180.57
177.82
179.21
179.58
180.95
180.09
177.25
177.30
175.43
172.99
171.84
