259.0600
261.0000
257.5300
264.6100
255.2500
264.5200
274.6500
293.9500
303.3300
313.9500
305.7700
270.2600
312.9000
301.9100
300.0000
298.4800
297.7000
303.5600
280.5100
296.6900
290.0400
288.7600
288.0200
281.4400
279.4700
273.2600
260.1000
284.8000
285.0500
296.9400
302.0000
302.2600
310.2700
318.4100
318.0000
320.7000
319.1400
320.8700
310.6100
291.7040
323.5000
339.9100
341.9060
358.4500
361.1300
354.0000
365.5500
369.0900
343.8400
345.4600
347.8100
328.4400
297.9900
292.2500
295.9000
307.2500
304.8500
296.7400
304.4209
301.8400
321.2300
316.3300
325.0000
308.8100
311.7100
315.5800
321.4300
315.8000
324.5600
311.9900
304.9550
313.7600
331.7500
360.0700
353.3300
348.6600
345.0000
336.0540
330.1200
351.5400
362.0000
358.0400
365.1600
355.4000
353.8400
347.6300
346.7060
344.7000
322.5100
319.0000
316.1500
300.5000
297.7000
294.3400
285.8600
287.2100
283.2900
278.5100
277.6250
278.4000
277.7600
287.7620
281.3300
284.6500
285.9000
283.8300
285.0100
303.3200
307.7000
307.4997
300.4100
300.7950
297.5000
283.0000
278.7900
298.5700
293.5100
293.6100
285.3700
278.7500
283.5000
285.0000
291.2900
295.1700
291.0800
291.0800
288.8700
299.0000
303.6000
302.3200
300.7400
298.9700
300.3700
301.0000
289.3400
252.7800
269.8200
256.2600
256.4900
264.5800
304.0000
307.3400
311.2500
313.8900
310.2500
314.8700
316.5000
325.9600
329.3800
336.7600
344.9200
328.6100
324.1000
332.8600
325.4400
333.7500
332.3900
326.9800
345.0100
352.5700
356.2500
353.5000
347.8300
335.5300
336.0300
334.4700
332.5000
324.5000
320.8400
315.0200
316.1300
319.9300
343.3100
338.9900
325.2100
337.9700
348.4400
351.0000
347.5100
345.1400
339.8500
341.5000
348.2700
354.5800
360.0000
349.4000
345.0000
345.6700
340.4700
337.5400
338.6300
335.2400
332.2000
335.1600
316.0000
316.6200
312.8700
321.0000
312.0000
316.1800
311.7500
316.0000
323.8300
329.5100
329.5900
332.6900
340.2600
344.9000
342.0400
341.0100
340.9300
330.4500
314.6300
314.6000
312.0000
300.1000
302.0000
306.5000
305.4400
308.5600
317.3000
316.3600
313.2500
313.7900
316.7700
310.8600
313.7900
325.6700
313.9900
306.0100
315.0000
300.1300
302.5000
302.5000
305.5000
301.0200
307.0000
299.5000
300.1300
332.2500
320.2300
319.1800
319.7500
327.7800
336.7000
338.8000
349.8800
352.6900
355.5600
355.9700
350.9100
353.7600
356.9800
352.9500
353.8900
346.8000
349.6500
353.1000
356.0000
351.2500
335.9000
342.5200
341.8600
339.8800
349.9000
350.9300
353.1500
366.4900
374.9000
373.0000
380.0000
380.2500
374.5100
364.3300
363.8200
364.4900
351.3500
348.9900
345.9800
349.5000
353.8000
356.1200
353.5500
349.6700
339.4800
347.2800
354.2400
352.5200
338.9900
341.1300
345.8200
352.9100
361.2100
363.0000
365.2000
364.6300
356.9700
361.6000
361.0000
357.5300
357.3500
347.0000
345.3300
318.9400
323.0000
335.5000
336.8900
346.0000
340.3600
345.0000
330.2400
329.4600
326.9000
328.2300
317.5000
325.5400
323.1900
330.1100
330.4000
316.0000
312.9000
313.5000
317.2600
347.2000
370.2400
363.7100
370.6100
366.6800
376.4000
386.6900
382.4500
377.9900
374.3500
376.6700
375.0000
377.9750
372.5000
381.0850
367.6200
357.9900
374.4200
363.7500
356.3400
344.7000
338.5000
339.7700
344.0000
337.6900
326.0000
317.2800
311.0200
306.5100
310.4600
312.8000
315.5000
307.0000
314.3900
317.5900
318.3800
325.4800
323.4000
321.5600
309.3800
310.9000
298.0000
307.4350
317.6700
324.0000
314.8800
309.8300
311.6900
312.3700
308.0000
309.2200
302.0000
306.5100
302.4600
299.7000
302.7000
296.7000
306.3400
313.3800
309.1500
297.5000
296.8800
302.0400
296.8900
286.9000
278.7300
278.0400
278.3400
277.0200
260.6000
255.7000
255.3900
251.5600
262.8300
260.6000
264.0000
262.4000
257.0000
246.1100
244.8200
246.2100
247.6300
247.0000
251.9200
247.9100
250.7400
249.7100
254.1800
244.1900
248.1700
252.6600
264.0000
280.3100
275.4500
265.8000
277.6000
280.0000
279.0300
270.7400
269.7900
266.2500
257.3500
258.1900
251.0000
251.9100
248.3400
253.0500
249.2400
252.5300
251.3800
254.2900
257.3100
250.0000
245.8500
245.4600
247.2500
236.6500
236.7000
230.0000
229.0600
229.0700
232.0000
228.9700
226.9300
226.4200
214.7500
214.8600
216.3000
218.5600
221.5300
214.8800
208.0000
208.2200
208.4500
203.0500
202.4900
198.0800
198.4100
198.7400
193.1800
192.8000
190.8700
192.0500
186.1500
185.5200
182.5100
182.8800
188.2500
191.0000
195.5600
195.4800
193.6400
190.6100
185.8400
185.0400
190.6500
183.4900
182.6500
182.7800
188.0000
184.2400
191.0500
186.8750
193.7900
193.5900
189.0000
189.0000
190.0500
198.0400
202.4900
204.0000
211.3400
201.0000
202.9000
201.0000
198.6000
202.1200
199.7400
195.9900
197.0500
200.6600
200.5000
200.9500
201.8500
201.3500
201.0000
202.4600
212.2400
213.1000
212.3000
202.2100
205.6000
207.5100
209.6500
206.5000
205.9900
206.4000
206.3700
206.8500
207.0000
200.4200
196.4900
195.7500
197.0600
195.0000
199.0900
199.5500
205.5000
199.0200
202.3300
209.0100
210.4300
216.1100
220.1500
222.1400
223.1100
227.0500
224.3200
224.1700
223.5400
223.8200
224.3300
225.4900
226.0200
225.4100
226.1700
228.2400
226.8200
228.0000
230.0000
225.6900
227.3700
229.3700
235.5000
230.7000
227.9500
229.3400
227.6900
222.2700
221.9900
226.0000
226.4700
225.0000
219.6400
222.5200
223.1200
225.5000
224.1000
219.9600
217.8000
213.1000
210.0000
209.7300
206.1400
212.9700
205.1300
201.8900
190.8600
190.0500
195.6900
199.4700
220.6800
219.5000
217.8100
217.4200
216.9500
218.8800
219.5000
227.3900
234.9800
233.8000
222.2400
218.0000
220.0000
219.5900
221.4800
223.0400
224.9900
220.5000
217.9100
216.6000
219.8700
216.9900
213.6200
209.1500
209.0500
208.1500
207.7800
211.4400
207.5900
207.5500
215.7200
210.8700
228.4600
230.2900
237.3600
241.5000
248.1400
249.8500
252.7500
252.0500
253.0100
248.8900
248.9900
246.2600
253.1200
252.2300
251.3100
253.0000
248.5100
249.5000
251.0000
260.5000
266.4500
253.9700
240.5000
249.1200
244.8250
229.3400
235.0900
229.8900
231.6100
215.7800
232.3700
237.2100
235.3400
229.1000
221.4700
218.0000
214.2700
212.6500
207.9300
210.0000
204.5200
203.5000
197.6800
198.0000
188.2800
183.7300
194.2500
192.4000
188.7000
178.6500
172.7500
176.1600
170.1200
163.6600
172.4200
159.0000
158.7000
155.0000
152.0000
150.5000
142.3200
157.1050
171.3000
170.7000
183.5900
192.4200
188.7600
189.9500
190.7900
192.3800
196.7000
200.0600
204.8010
201.5500
199.4000
208.7100
198.9700
202.2100
212.0100
211.6000
214.0100
217.8600
214.1900
220.0000
226.3600
230.7200
238.5100
236.6000
230.0600
231.4900
230.5600
232.1800
234.9900
231.6900
232.8900
233.9400
222.1000
221.8200
217.5100
225.2400
224.7100
226.7000
227.5200
227.7000
232.4600
235.4800
237.0000
231.0600
231.7900
231.0600
221.3400
215.3700
217.3500
223.4900
220.5400
214.5000
215.2000
206.0900
212.9500
217.8500
217.7700
223.4800
232.9900
230.7000
230.5800
227.0000
213.8500
208.9200
210.4000
211.7500
211.3100
214.8400
211.3800
215.0000
211.5600
211.9900
227.7200
226.5000
223.0400
216.4300
